11
1 0 0
2 7 0
3 14 0
4 3 4
5 7 4
6 11 4
7 2 7
8 3 7
9 7 7
10 11 7
11 12 7
12
1 1 4 24000000 .0525 .00053593750
2 2 5 24000000 .0525 .00053593750
3 3 6 24000000 .0525 .00053593750
4 4 5 24000000 .0525 .00053593750
5 5 6 24000000 .0525 .00053593750
6 4 8 24000000 .0525 .00053593750
7 5 9 24000000 .0525 .00053593750
8 6 10 24000000 .0525 .00053593750
9 7 8 24000000 .0525 .00053593750
10 8 9 24000000 .0525 .00053593750
11 9 10 24000000 .0525 .00053593750
12 10 11 24000000 .0525 .00053593750
5
1 4 180 0 0
2 9 15
2 10 15
2 11 15
2 12 15
3
1 2 -.008 1 0
2 1 1 2 .01392623402
3 1 2 -.006 0