
?????????????????????????????????????????????????????????????????????????
?                                                                       ?
?                                                                       ?
?            PortPlan - Programa para Analise de Porticos               ?
?                                 Planos                                ?
?                                                                       ?
?                                                                       ?
?           Metodo Numerico - Analise Matricial de Estruturas           ?
?                                                                       ?
?                                                                       ?
?????????????????????????????????????????????????????????????????????????


 Problema analisado => d:\PORTICO_PLANO.TXT

 Dados dos Nos 


 Coordenadas Nodais 

 No  Coordenada X  Coordenada Y 
   1      0.0000    0.0000
   2      7.0000    0.0000
   3     14.0000    0.0000
   4      3.0000    4.0000
   5      7.0000    4.0000
   6     11.0000    4.0000
   7      2.0000    7.0000
   8      3.0000    7.0000
   9      7.0000    7.0000
   10     11.0000    7.0000
   11     12.0000    7.0000

 Nos com vinculaoes fixas 

 No   Desloc. X    Desloc Y   Desloc Z 
  1    Impedido    Impedido      Livre
  2    Impedido    Impedido    Impedido
  3    Impedido    Impedido      Livre

 Nos com recalque de apoio 

 No  Recalque X  Recalque Y  Recalque Z 
  1    -0.0080       0.0000       0.0000
  2    0.0000       0.0000       0.0139
  3    0.0000       -0.0060       0.0000

 Dados dos Elementos 


 Caracteristicas dos Elementos 

 Elem.  No i  No f   Mod. Elas.   Inercia     Area     Comprimento 
   1     1      4 24000000.0000      0.0005      0.0525     5.0000
   2     2      5 24000000.0000      0.0005      0.0525     4.0000
   3     3      6 24000000.0000      0.0005      0.0525     5.0000
   4     4      5 24000000.0000      0.0005      0.0525     4.0000
   5     5      6 24000000.0000      0.0005      0.0525     4.0000
   6     4      8 24000000.0000      0.0005      0.0525     3.0000
   7     5      9 24000000.0000      0.0005      0.0525     3.0000
   8     6      10 24000000.0000      0.0005      0.0525     3.0000
   9     7      8 24000000.0000      0.0005      0.0525     1.0000
   10     8      9 24000000.0000      0.0005      0.0525     4.0000
   11     9      10 24000000.0000      0.0005      0.0525     4.0000
   12     10      11 24000000.0000      0.0005      0.0525     1.0000

 Dados dos Carregamentos 

 Nos com carga concentrada 

 No     Fx         Fy        M 
 4  180.0000    0.0000    0.0000

 Elementos com carga uniformemente distribuidas 

 Elem.      q 
   9   15.0000
   10   15.0000
   11   15.0000
   12   15.0000


 Impressao dos Resultados da Analise Estatica 

 Deslocamentos Nodais (Sistema Global) 
 No  Desloc. X  Desloc Y  Giro Z 
 1 -8.00E-003  0.00E+000 -1.06E-002
 2  0.00E+000  0.00E+000  1.39E-002
 3  0.00E+000 -6.00E-003 -6.80E-003
 4  1.80E-002 -1.93E-002  1.82E-003
 5  1.74E-002 -3.43E-004 -9.49E-004
 6  1.73E-002  6.59E-003  7.83E-004
 7  1.26E-002 -2.25E-002  3.10E-003
 8  1.26E-002 -1.94E-002  2.91E-003
 9  1.26E-002 -5.42E-004  3.34E-003
 10  1.27E-002  6.50E-003  1.93E-003
 11  1.27E-002  8.28E-003  1.73E-003

 Forcas Nodais no Elemento 
 Elem.  No i.    1        2      3 
        No f.    4        5      6 
    1    1  -24.6358   12.8041   -0.0000
         4   24.6358  -12.8041   64.0207
    2    2  107.9274  104.6462  257.1252
         5 -107.9274 -104.6462  161.4598
    3    3   73.4764    7.8039    0.0000
         6  -73.4764   -7.8039   39.0194
    4    4  164.9778  -41.6315  -74.3586
         5 -164.9778   41.6315  -92.1675
    5    5   53.4457  -17.5076  -40.5845
         6  -53.4457   17.5076  -29.4457
    6    4   29.6053   10.0026   10.3379
         8  -29.6053  -10.0026   19.6698
    7    5   83.8034   -6.8858  -28.7078
         9  -83.8034    6.8858    8.0504
    8    6   36.5912   -3.1168   -9.5737
         10  -36.5912    3.1168    0.2235
    9    7   -0.0000   -7.5000   -1.2500
         8    0.0000    7.5000   -6.2500
    10    8  -10.0026  -15.3947  -32.1698
         9   10.0026   15.3947  -29.4089
    11    9   -3.1168    8.4088   21.3585
         10    3.1168   -8.4088   12.2765
    12    10   -0.0000    7.5000    6.2500
         11    0.0000   -7.5000    1.2500

 Esforcos Nodais no Elemento 
 Elem.  No i.    N        V      M 
        No f. 
    1    1  -24.6358   12.8041   -0.0000
         4   24.6358  -12.8041   64.0207
    2    2  107.9274  104.6462  257.1252
         5 -107.9274 -104.6462  161.4598
    3    3   73.4764    7.8039    0.0000
         6  -73.4764   -7.8039   39.0194
    4    4  164.9778  -41.6315  -74.3586
         5 -164.9778   41.6315  -92.1675
    5    5   53.4457  -17.5076  -40.5845
         6  -53.4457   17.5076  -29.4457
    6    4   29.6053   10.0026   10.3379
         8  -29.6053  -10.0026   19.6698
    7    5   83.8034   -6.8858  -28.7078
         9  -83.8034    6.8858    8.0504
    8    6   36.5912   -3.1168   -9.5737
         10  -36.5912    3.1168    0.2235
    9    7   -0.0000    0.0000   -0.0000
         8    0.0000   15.0000   -7.5000
    10    8  -10.0026   14.6053  -12.1698
         9   10.0026   45.3947  -49.4089
    11    9   -3.1168   38.4088   41.3585
         10    3.1168   21.5912   -7.7235
    12    10   -0.0000   15.0000    7.5000
         11    0.0000    0.0000   -0.0000

 Reacoes de Apoio 
 No     Rx        Ry        Rz 
 1  -25.0248  -12.0262    0.0000
 2 -104.6462  107.9274  257.1252
 3  -50.3290   54.0988    0.0000
