
?????????????????????????????????????????????????????????????????????????
?                                                                       ?
?                                                                       ?
?            PortPlan - Programa para Analise de Porticos               ?
?                                 Planos                                ?
?                                                                       ?
?                                                                       ?
?           Metodo Numerico - Analise Matricial de Estruturas           ?
?                                                                       ?
?                                                                       ?
?????????????????????????????????????????????????????????????????????????


 Problema analisado => E:\portico_plano.txt

 Dados dos Nos 


 Coordenadas Nodais 

 No  Coordenada X  Coordenada Y 
   1      0.0000    0.0000
   2      7.0000    0.0000
   3     14.0000    0.0000
   4      3.0000    4.0000
   5      7.0000    4.0000
   6     11.0000    4.0000
   7      2.0000    7.0000
   8      3.0000    7.0000
   9      7.0000    7.0000
   10     11.0000    7.0000
   11     12.0000    7.0000

 Nos com vinculaoes fixas 

 No   Desloc. X    Desloc Y   Desloc Z 
  1    Impedido    Impedido      Livre
  2    Impedido    Impedido    Impedido
  3    Impedido    Impedido      Livre

 Nos com recalque de apoio 

 No  Recalque X  Recalque Y  Recalque Z 
  1    -0.0080       0.0000       0.0000
  2    0.0000       0.0000       0.0139
  3    0.0000       -0.0060       0.0000

 Dados dos Elementos 


 Caracteristicas dos Elementos 

 Elem.  No i  No f   Mod. Elas.   Inercia     Area     Comprimento 
   1     1      4 24000000.0000      0.0005      0.0525     5.0000
   2     2      5 24000000.0000      0.0005      0.0525     4.0000
   3     3      6 24000000.0000      0.0005      0.0525     5.0000
   4     4      5 24000000.0000      0.0005      0.0525     4.0000
   5     5      6 24000000.0000      0.0005      0.0525     4.0000
   6     4      8 24000000.0000      0.0005      0.0525     3.0000
   7     5      9 24000000.0000      0.0005      0.0525     3.0000
   8     6      10 24000000.0000      0.0005      0.0525     3.0000
   9     7      8 24000000.0000      0.0005      0.0525     1.0000
   10     8      9 24000000.0000      0.0005      0.0525     4.0000
   11     9      10 24000000.0000      0.0005      0.0525     4.0000
   12     10      11 24000000.0000      0.0005      0.0525     1.0000

 Dados dos Carregamentos 

 Nos com carga concentrada 

 No     Fx         Fy        M 
 4  180.0000    0.0000    0.0000

 Elementos com carga uniformemente distribuidas 

 Elem.      q 
   9   15.0000
   10   15.0000
   11   15.0000
   12   15.0000


 Impressao dos Resultados da Analise Estatica 

 Deslocamentos Nodais (Sistema Global) 
 No  Desloc. X  Desloc Y  Giro Z 
 1 -8.00E-003  0.00E+000 -1.05E-002
 2  0.00E+000  0.00E+000  1.39E-002
 3  0.00E+000 -6.00E-003 -6.94E-003
 4  1.79E-002 -1.90E-002  1.70E-003
 5  1.74E-002 -1.40E-004 -9.49E-004
 6  1.74E-002  6.92E-003  9.02E-004
 7  1.26E-002 -2.23E-002  3.32E-003
 8  1.26E-002 -1.90E-002  3.32E-003
 9  1.26E-002 -1.86E-004  3.34E-003
 10  1.27E-002  6.94E-003  1.51E-003
 11  1.27E-002  8.45E-003  1.51E-003

 Forcas Nodais no Elemento 
 Elem.  No i.    1        2      3 
        No f.    4        5      6 
    1    1  -78.2623   12.5366   -0.0000
         4   78.2623  -12.5366   62.6829
    2    2   44.0507  104.6462  257.1252
         5  -44.0507 -104.6462  161.4598
    3    3   19.8500    8.0714    0.0000
         6  -19.8500   -8.0714   40.3572
    4    4  136.0197  -41.8840  -75.2445
         5 -136.0197   41.8840  -92.2917
    5    5   24.4877  -17.2550  -40.4603
         6  -24.4877   17.2550  -28.5598
    6    4  -13.2038   13.0063   12.5616
         8   13.2038  -13.0063   26.4574
    7    5   19.4217   -6.8858  -28.7078
         9  -19.4217    6.8858    8.0504
    8    6   -6.2179   -6.1205  -11.7974
         10    6.2179    6.1205   -6.5642
    9    7   -0.0000    0.0000    0.0000
         8    0.0000   -0.0000    0.0000
    10    8  -13.0063  -13.2038  -26.4574
         9   13.0063   13.2038  -26.3578
    11    9   -6.1205    6.2179   18.3074
         10    6.1205   -6.2179    6.5642
    12    10   -0.0000   -0.0000    0.0000
         11    0.0000    0.0000   -0.0000

 Esforcos Nodais no Elemento 
 Elem.  No i.    N        V      M 
        No f. 
    1    1  -78.2623   12.5366   -0.0000
         4   78.2623  -12.5366   62.6829
    2    2   44.0507  104.6462  257.1252
         5  -44.0507 -104.6462  161.4598
    3    3   19.8500    8.0714    0.0000
         6  -19.8500   -8.0714   40.3572
    4    4  136.0197  -41.8840  -75.2445
         5 -136.0197   41.8840  -92.2917
    5    5   24.4877  -17.2550  -40.4603
         6  -24.4877   17.2550  -28.5598
    6    4  -13.2038   13.0063   12.5616
         8   13.2038  -13.0063   26.4574
    7    5   19.4217   -6.8858  -28.7078
         9  -19.4217    6.8858    8.0504
    8    6   -6.2179   -6.1205  -11.7974
         10    6.2179    6.1205   -6.5642
    9    7   -0.0000   -7.5000   -1.2500
         8    0.0000   -7.5000    1.2500
    10    8  -13.0063  -43.2038  -46.4574
         9   13.0063  -16.7962   -6.3578
    11    9   -6.1205  -23.7821   -1.6926
         10    6.1205  -36.2179   26.5642
    12    10   -0.0000   -7.5000   -1.2500
         11    0.0000   -7.5000    1.2500

 Reacoes de Apoio 
 No     Rx        Ry        Rz 
 1   36.9281  -70.1318    0.0000
 2 -104.6462   44.0507  257.1252
 3    5.4528   20.7228    0.0000
